-1.2994954078 -0.5000000000 1.9650063663
-1.2994954078 0.0000003749 1.9650063663
-1.2994954078 0.5000000000 1.9650063663
-1.0133789463 0.0000003749 1.9722466861
-0.7401501493 -0.5000000000 1.9942684802
-0.7401501493 0.5000000000 1.9942684802
-0.4779379513 0.0000003749 2.0316716389
-0.2257165301 -0.5000000000 2.0849780157
-0.2257165301 0.5000000000 2.0849780157
0.0178594352 0.0000003749 2.1547216789
0.2541289255 -0.5000000000 2.2414253686
0.2541289255 0.5000000000 2.2414253686
0.4840457253 0.0000003749 2.3454134776
0.7095197873 -0.5000000000 2.4674109793
0.7095197873 0.0000003749 2.4674109793
0.7095197873 0.5000000000 2.4674109793