0.01 -0.3500000000 0.0500000000 -0.0150000000 0.0000000000 -0.0000000000 1.6500000000
0.01 -0.3500000000 -0.0500000000 -0.0150000000 0.0000000000 -0.0000000000 1.6500000000
0.01 -0.2500000000 -0.0500000000 -0.0150000000 -0.0000000000 -0.0000000000 1.6500000000
0.01 -0.2500000000 0.0500000000 -0.0150000000 -0.0000000000 0.0000000000 1.6500000000
0.01 -0.3221563292 0.0699782470 1.3655955326 -0.9773390787 0.4300217530 0.5994108337
0.01 -0.3547327630 0.0190585398 0.9585805806 -0.3513483296 0.1886200541 0.6494317992
0.01 -0.3221588293 -0.0699793471 1.3652061173 -0.9773365785 -0.4300206529 0.5998002490
0.01 -0.3302859437 -0.0743464256 0.9560144247 -0.3790544858 -0.1329866911 0.6476029657
0.01 -0.7732312990 -0.2896606266 1.6766345626 0.2141392999 0.4918893252 -0.1311099061
0.01 -0.2491666697 -0.0173924564 1.3596550157 0.9586864570 -0.4826075436 1.1077559635
0.01 -0.2691785312 -0.0740185206 0.9550249272 0.3711118730 -0.1522251509 0.8387725171
0.01 -0.2745668139 0.0714778776 1.3645913105 0.9840866011 0.4285221224 1.1028196687
0.01 -0.2437391339 0.0199274211 0.9501075767 0.3544262896 0.1880178508 0.8469606086
0.01 0.2199274561 0.3077037703 1.9638602128 -0.2249252455 -0.4796986461 -0.2775909005
0.01 0.1396766703 0.2145612862 1.8278127507 -0.3653932004 0.2854387138 0.2571652650
0.01 -0.4957727502 0.1074454950 1.4623737335 0.4550245783 0.2352514754 0.5270774111
0.01 -0.0635734427 0.1290601755 1.6040618273 -0.0730409618 0.1987350682 0.2720807853
0.01 0.1744140734 -0.2358430258 1.8007804709 -0.4001306035 -0.2641569742 0.2841975448
0.01 -0.4952563349 -0.1072110926 1.4627887642 0.4633716633 -0.2524604227 0.5201025273
0.01 -0.1268172669 -0.3405657032 1.8672281602 0.0755933779 0.2556784894 -0.2687578860
0.01 -0.3765975344 -0.2012133072 1.5759353397 -0.6367814118 0.2012136821 0.3963113464
0.01 -0.8623932034 -0.3455147917 1.7140681372 0.0545105969 0.2858327079 0.1714595500
0.01 -0.8640378228 0.3415866982 1.7218800404 0.2174938023 -0.4564196899 0.0618740905
0.01 -0.5724813173 -0.1529435625 1.7333934408 0.1805292725 0.3534986687 -0.1295398629
0.01 -0.9832316639 0.3856955496 1.8069490931 -0.3162637439 -0.3856951747 0.1580572733
0.01 -0.9907484318 -0.3901141283 1.8118332931 -0.1782656012 0.5888330293 0.0539020235
0.01 -0.3277599395 0.2326434594 1.6612933989 -0.1501780118 -0.2326430845 0.3703782401
0.01 -0.3288407889 -0.2376457050 1.6782439090 -0.0509958504 0.3666235877 0.1930721191
0.01 0.0087744038 -0.3326990070 1.8747458535 0.0090850315 0.3326993819 0.2799758254
0.01 0.0416932306 -0.1715135854 2.0348016829 0.0362873574 0.4742396348 -0.1324683179
0.01 0.2779748586 0.3139876651 1.9383657079 0.4315449287 -0.3139872902 0.5290452714
0.01 0.2545918072 -0.3020562710 1.9874001450 0.2169206902 0.4819037033 0.2337574439
0.01 0.4088268895 -0.0162423082 2.1037883911 0.0752188359 0.0162426831 0.2416250865
0.01 0.3771924674 -0.2990833118 2.0936798123 -0.1230635419 -0.2009166882 0.1477455564
0.01 0.3811318093 0.3654430109 2.0539676428 -0.1270028838 0.1345569891 0.1874577259
0.01 -0.2071600606 0.2633318460 1.7495405834 -0.5329900887 0.2366681540 0.2447278968
0.01 -0.2047993175 -0.2721870740 1.7427565559 -0.5353508318 -0.2278129260 0.2515119243