-1 0 0 0 0 0 0
-1 0 0 0 0 0 0
-1 0 0 0 0 0 0
-1 0 0 0 0 0 0
0 0 0.0200000000 1.3903858162 2 0 0
1 0 0.0200000000 0.9906239668 4 0.7420924061 0.4560140082
0 1 0.0200000000 1.3900012600 0 0 0
1 1 0.0200000000 0.9880102291 6 0.7420743825 0.4564857801
1 4 0.5322685538 0.3258906541 6 0.0200000000 0.5748597385
0 2 0.0200000000 1.3890185640 13 0 0
1 2 0.0200000000 0.9880678175 9 0.9097504259 0.5764181881
0 3 0.0200000000 1.3939237704 15 0 0
1 3 0.0200000000 0.9831821891 11 0.9171824686 0.5753722705
1 9 0.5781294719 0.4410253405 11 0.0200000000 0.7955126057
0 11 0.0200000000 0.6378271740 8 0 0
1 4 0.0200000000 0.1984908477 14 0.7149838235 0.2698507962
1 11 0.0200000000 0.3343785498 15 0.3247587029 0.5772211968
0 9 0.0200000000 0.6497981389 7 0 0
1 6 0.0200000000 0.1982884434 17 0.7209157862 0.2982387672
1 9 0.3585718558 0.3276026908 18 0.0200000000 0.5817701458
0 18 0.0200000000 0.1808083454 3 0 0
1 6 0.0200000000 0.6951808761 20 0.3177426822 0.5414069767
1 4 0.0200000000 0.6903738278 20 0.4893632206 0.3602054356
1 15 0.3975316792 0.1892126573 20 0.0200000000 0.2476207869
0 4 0.0200000000 0.8619907059 1 0 0
1 6 0.0200000000 0.8634659471 24 0.5975826982 0.2779236354
0 15 0.0200000000 0.2909853848 6 0 0
1 18 0.0200000000 0.2987452556 26 0.3974808678 0.2379068349
0 17 0.0200000000 0.2015458562 9 0 0
1 14 0.4737285274 0.1193995702 28 0.0200000000 0.2382938766
0 11 0.0200000000 0.8471463834 14 0 0
1 9 0.0200000000 0.8582689416 30 0.5578653023 0.3632412242
0 31 0.0200000000 0.3543336444 12 0 0
0 9 0.0200000000 1.0112613848 10 0 0
0 11 0.0200000000 1.0020535691 11 0 0
0 15 0.0200000000 0.4320202523 5 0 0
0 18 0.0200000000 0.4318525674 4 0 0