0.01 -0.35 0.05 -0.015 0.0 0.0 1.65
0.01 -0.35 -0.05 -0.015 0.0 0.0 1.65
0.01 -0.25 -0.05 -0.015 0.0 0.0 1.65
0.01 -0.25 0.05 -0.015 0.0 0.0 1.65
0.01 -0.322156329153 0.069978247042 1.36559553261 -0.977339078652 0.430021752958 0.599410833735
0.01 -0.354732763012 0.019058539783 0.958580580554 -0.351348329582 0.188620054147 0.649431799245
0.01 -0.322158829346 -0.0699793471078 1.36520611732 -0.97733657846 -0.430020652892 0.59980024903
0.01 -0.330285943675 -0.0743464255521 0.956014424706 -0.379054485784 -0.132986691131 0.647602965725
0.01 -0.773231299029 -0.289660626628 1.67663456259 0.214139299871 0.491889325239 -0.131109906057
0.01 -0.249166669735 -0.0173924564328 1.35965501572 0.958686456989 -0.482607543567 1.10775596353
0.01 -0.269178531162 -0.074018520559 0.955024927229 0.37111187302 -0.152225150937 0.838772517136
0.01 -0.274566813874 0.0714778775901 1.36459131053 0.984086601127 0.42852212241 1.10281966873
0.01 -0.243739133883 0.0199274210545 0.950107576706 0.354426289587 0.188017850846 0.846960608575
0.01 0.219927456085 0.307703770276 1.96386021279 -0.224925245451 -0.479698646132 -0.277590900494
0.01 0.139676670329 0.214561286242 1.82781275070 -0.365393200419 0.285438713758 0.257165264964
0.01 -0.495772750243 0.107445495007 1.46237373353 0.455024578278 0.235251475396 0.527077411099
0.01 -0.0635734426527 0.129060175478 1.60406182730 -0.0730409617556 0.198735068232 0.272080785345
0.01 0.174414073427 -0.235843025788 1.80078047088 -0.400130603517 -0.264156974212 0.284197544776
0.01 -0.49525633488 -0.107211092556 1.46278876422 0.463371663262 -0.252460422718 0.520102527252
0.01 -0.126817266911 -0.340565703233 1.86722816015 0.0755933778945 0.255678489386 -0.26875788605
0.01 -0.376597534432 -0.20121330719 1.57593533965 -0.636781411829 0.201213682082 0.396311346446
0.01 -0.862393203374 -0.345514791747 1.71406813724 0.0545105968897 0.285832707939 0.171459550031
0.01 -0.864037822751 0.341586698229 1.72188004043 0.217493802297 -0.456419689925 0.0618740904717
0.01 -0.572481317325 -0.152943562498 1.73339344078 0.180529272525 0.353498668741 -0.129539862946
0.01 -0.983231663947 0.385695549596 1.80694909306 -0.316263743858 -0.385695174705 0.158057273286
0.01 -0.990748431817 -0.390114128271 1.81183329314 -0.178265601234 0.588833029326 0.0539020234549
0.01 -0.327759939527 0.232643459376 1.66129339885 -0.150178011753 -0.232643084485 0.370378240056
0.01 -0.328840788947 -0.237645705015 1.67824390897 -0.0509958504157 0.366623587747 0.19307211907
0.01 0.00877440375358 -0.332699007037 1.87474585352 0.00908503147071 0.332699381929 0.279975825386
0.01 0.0416932306451 -0.171513585427 2.03480168291 0.036287357423 0.474239634827 -0.132468317945
0.01 0.277974858565 0.31398766512 1.93836570789 0.431544928689 -0.313987290229 0.529045271373
0.01 0.254591807219 -0.302056271022 1.98740014503 0.216920690171 0.481903703283 0.233757443912
0.01 0.408826889459 -0.0162423081793 2.1037883911 0.0752188358617 0.0162426830707 0.241625086494
0.01 0.377192467431 -0.299083311808 2.09367981225 -0.123063541915 -0.200916688192 0.147745556392
0.01 0.381131809319 0.365443010916 2.05396764278 -0.127002883803 0.134556989084 0.187457725865
0.01 -0.207160060555 0.263331845973 1.74954058338 -0.532990088712 0.236668154027 0.244727896813
0.01 -0.204799317471 -0.272187074044 1.74275655593 -0.535350831796 -0.227812925956 0.251511924268
