0.01 -0.0460920000 0.0760920000 0.0125500000 1.6500000000 0.0000000000 0.0000000000
0.01 -0.0460920000 0.0760920000 0.0125500000 1.6500000000 0.0000000000 0.0000000000
0.01 -0.0460920000 0.0760920000 0.0125500000 1.6500000000 0.0000000000 0.0000000000
0.01 -0.0460920000 0.0760920000 0.0125500000 1.6500000000 0.0000000000 0.0000000000
0.01 -0.0460920000 0.0760920000 0.0125500000 1.2245014211 0.0000000000 0.0000000000
0.01 -0.0460920000 0.0760920000 0.0125500000 0.7620924061 0.0000000000 0.0000000000
0.01 -0.0460920000 0.0760920000 0.0125500000 1.2246897110 0.0000000000 0.0000000000
0.01 -0.0460920000 0.0760920000 0.0125500000 0.7620743825 0.0000000000 0.0000000000
0.01 -0.0460920000 0.0760920000 0.0125500000 0.5522685538 0.0000000000 0.0000000000
0.01 -0.0460920000 0.0760920000 0.0125500000 1.5424373694 0.0000000000 0.0000000000
0.01 -0.0460920000 0.0760920000 0.0125500000 0.9297504259 0.0000000000 0.0000000000
0.01 -0.0460920000 0.0760920000 0.0125500000 1.5389180841 0.0000000000 0.0000000000
0.01 -0.0460920000 0.0760920000 0.0125500000 0.9371824686 0.0000000000 0.0000000000
0.01 -0.0460920000 0.0760920000 0.0125500000 0.5981294719 0.0000000000 0.0000000000
0.01 -0.0460920000 0.0760920000 0.0125500000 0.5302088492 0.0000000000 0.0000000000
0.01 -0.0460920000 0.0760920000 0.0125500000 0.7349838235 0.0000000000 0.0000000000
0.01 -0.0460920000 0.0760920000 0.0125500000 0.3447587029 0.0000000000 0.0000000000
0.01 -0.0460920000 0.0760920000 0.0125500000 0.5573613293 0.0000000000 0.0000000000
0.01 -0.0460920000 0.0760920000 0.0125500000 0.7409157862 0.0000000000 0.0000000000
0.01 -0.0460920000 0.0760920000 0.0125500000 0.3785718558 0.0000000000 0.0000000000
0.01 -0.0460920000 0.0760920000 0.0125500000 0.7765566274 0.0000000000 0.0000000000
0.01 -0.0460920000 0.0760920000 0.0125500000 0.3377426822 0.0000000000 0.0000000000
0.01 -0.0460920000 0.0760920000 0.0125500000 0.5093632206 0.0000000000 0.0000000000
0.01 -0.0460920000 0.0760920000 0.0125500000 0.4175316792 0.0000000000 0.0000000000
0.01 -0.0460920000 0.0760920000 0.0125500000 0.5232261701 0.0000000000 0.0000000000
0.01 -0.0460920000 0.0760920000 0.0125500000 0.6175826982 0.0000000000 0.0000000000
0.01 -0.0460920000 0.0760920000 0.0125500000 0.4624459760 0.0000000000 0.0000000000
0.01 -0.0460920000 0.0760920000 0.0125500000 0.4174808678 0.0000000000 0.0000000000
0.01 -0.0460920000 0.0760920000 0.0125500000 0.4349228430 0.0000000000 0.0000000000
0.01 -0.0460920000 0.0760920000 0.0125500000 0.4937285274 0.0000000000 0.0000000000
0.01 -0.0460920000 0.0760920000 0.0125500000 0.7514705204 0.0000000000 0.0000000000
0.01 -0.0460920000 0.0760920000 0.0125500000 0.5778653023 0.0000000000 0.0000000000
0.01 -0.0460920000 0.0760920000 0.0125500000 0.2535830839 0.0000000000 0.0000000000
0.01 -0.0460920000 0.0760920000 0.0125500000 0.2781023200 0.0000000000 0.0000000000
0.01 -0.0460920000 0.0760920000 0.0125500000 0.2633927007 0.0000000000 0.0000000000
0.01 -0.0460920000 0.0760920000 0.0125500000 0.6324412963 0.0000000000 0.0000000000
0.01 -0.0460920000 0.0760920000 0.0125500000 0.6338434273 0.0000000000 0.0000000000