-1.29949540781 -0.5 1.96500636635
-1.29949540781 3.74891363435e-07 1.96500636635
-1.29949540781 0.5 1.96500636635
-1.01337894626 3.74891363435e-07 1.9722466861
-0.740150149267 -0.5 1.99426848020
-0.740150149267 0.5 1.99426848020
-0.47793795128 3.74891363435e-07 2.03167163891
-0.22571653009 -0.5 2.08497801566
-0.22571653009 0.5 2.08497801566
0.0178594352243 3.74891363435e-07 2.15472167890
0.254128925516 -0.5 2.24142536864
0.254128925516 0.5 2.24142536864
0.484045725321 3.74891363435e-07 2.34541347759
0.709519787254 -0.5 2.46741097926
0.709519787254 3.74891363435e-07 2.46741097926
0.709519787254 0.5 2.46741097926