-1 0 0 0 0 0 0
-1 0 0 0 0 0 0
-1 0 0 0 0 0 0
-1 0 0 0 0 0 0
0 0 0.02 1.39038581623 2 0 0
1 0 0.02 0.990623966774 4 0.742092406075 0.456014008226
0 1 0.02 1.39000125995 0 0 0
1 1 0.02 0.988010229124 6 0.742074382477 0.456485780094
1 4 0.532268553785 0.32589065408 6 0.02 0.574859738484
0 2 0.02 1.38901856398 13 0 0
1 2 0.02 0.988067817492 9 0.909750425855 0.576418188098
0 3 0.02 1.39392377037 15 0 0
1 3 0.02 0.983182189097 11 0.917182468607 0.575372270467
1 9 0.57812947192 0.441025340541 11 0.02 0.795512605662
0 11 0.02 0.63782717402 8 0 0
1 4 0.02 0.198490847709 14 0.714983823498 0.269850796185
1 11 0.02 0.334378549764 15 0.324758702853 0.577221196829
0 9 0.02 0.649798138923 7 0 0
1 6 0.02 0.198288443441 17 0.720915786177 0.298238767188
1 9 0.358571855835 0.327602690814 18 0.02 0.58177014578
0 18 0.02 0.180808345375 3 0 0
1 6 0.02 0.695180876129 20 0.317742682227 0.541406976658
1 4 0.02 0.690373827778 20 0.489363220562 0.360205435646
1 15 0.397531679196 0.189212657251 20 0.02 0.247620786881
0 4 0.02 0.86199070592 1 0 0
1 6 0.02 0.863465947097 24 0.59758269822 0.277923635438
0 15 0.02 0.290985384845 6 0 0
1 18 0.02 0.298745255618 26 0.397480867843 0.237906834858
0 17 0.02 0.201545856186 9 0 0
1 14 0.47372852744 0.119399570167 28 0.02 0.238293876626
0 11 0.02 0.847146383401 14 0 0
1 9 0.02 0.85826894157 30 0.557865302338 0.36324122417
0 31 0.02 0.354333644393 12 0 0
0 9 0.02 1.01126138480 10 0 0
0 11 0.02 1.00205356908 11 0 0
0 15 0.02 0.432020252346 5 0 0
0 18 0.02 0.431852567441 4 0 0